SIMPLE  = T
BITPIX  = -64
NAXIS   = 2
NAXIS1  = 3601
NAXIS2  = 3600
CTYPE1  = 'RA---TAN'
CTYPE2  = 'DEC--TAN'
CRVAL1  =  125.148690
CRVAL2  =   21.067800
CRPIX1  = 1801.000000
CRPIX2  = 1800.500000
CDELT1  =   -0.000555556
CDELT2  =    0.000555556
CROTA2  =    0.000000
EQUINOX = 2000.0
END
